100

20
0 3 8 14 5 12 6 -12 11 -7 -1 6 -13 6 -6 15 10 -0 -0 7

6
3 14 8 -15 10 10

17
10 14 -2 12 -10 4 8 8 11 -2 14 0 -5 11 3 11 12

25
14 10 7 -4 -9 9 4 11 7 -11 7 4 7 -7 13 -3 13 10 14 5 7 0 8 7 12

18
3 12 14 6 -10 7 3 15 3 12 5 11 -3 8 -2 10 1 5

16
-12 -13 -10 -6 2 3 -10 5 9 8 14 1 5 10 13 15

9
12 8 1 1 11 -9 6 2 6

1
0

18
5 15 -7 0 -7 11 -11 8 12 -13 12 3 1 15 9 -1 11 -0

18
0 -1 14 -8 9 7 2 8 15 7 5 -1 4 -2 0 14 -7 13

5
-5 -9 7 11 -13

17
-3 10 12 14 -12 -5 5 -13 2 1 -15 -11 8 -4 13 13 -14

23
10 -6 14 15 12 -8 4 -9 1 1 2 -13 14 -10 1 -6 3 5 -4 13 -7 8 7

1
-8

11
1 5 10 2 2 -5 14 6 -10 8 10

0

28
-12 -3 11 2 11 12 12 9 1 7 6 2 -7 8 -11 3 8 5 4 1 0 4 11 10 11 -11 -15 3

23
11 3 -12 9 -0 7 14 8 11 6 14 -4 -13 0 9 3 15 5 1 14 -11 9 11

1
6

21
15 -12 -4 9 3 -11 6 13 6 9 15 9 13 9 -11 11 1 13 0 9 8

20
14 7 5 3 4 2 5 5 1 -2 5 8 10 4 6 9 7 -15 6 -5

10
7 0 12 15 -9 5 -3 14 -3 8

12
13 -6 0 15 6 13 9 10 -10 10 15 9

30
11 -8 -14 1 -3 1 12 6 4 -15 13 -9 10 6 8 3 -7 6 8 6 5 11 -15 -7 -5 2 -7 10 -10 -8

18
11 12 12 -15 -8 8 -6 15 1 -13 4 15 9 -10 9 15 2 11

30
10 -5 10 11 4 -5 0 10 -13 9 4 -7 -3 2 6 -12 -2 -5 7 -0 4 2 3 5 -7 15 2 11 1 4

24
0 0 -14 10 12 3 -8 5 13 12 5 14 3 -13 -7 15 13 -10 12 10 10 11 -6 -8

20
4 -12 14 15 -5 -8 15 7 9 -12 13 7 0 2 -2 7 6 2 12 -5

1
-13

27
-12 -0 5 3 -1 14 -5 -2 6 13 13 -0 1 10 -2 4 8 5 1 0 -3 4 15 15 15 2 13

3
14 1 -11

22
10 10 12 7 13 11 -3 7 -1 0 -4 6 11 11 10 -2 0 3 7 9 5 6

25
14 0 12 9 10 -4 15 -3 -4 1 -10 8 7 10 3 -11 -15 6 15 4 3 3 -10 3 14

4
9 -7 9 8

5
12 -9 11 7 15

27
2 8 15 7 14 12 14 -5 7 12 9 8 8 12 -6 8 12 -12 0 -8 15 5 8 4 -7 -15 -13

7
5 2 5 0 5 -10 -1

13
15 14 9 14 6 15 6 12 2 14 0 11 13

28
14 5 12 -5 -11 14 2 -8 10 4 6 5 -15 12 10 4 5 15 -10 1 0 14 -2 9 11 3 -12 2

11
14 15 12 11 7 15 13 12 3 15 7

27
5 6 -6 13 7 11 1 -9 10 5 3 2 -14 -15 8 13 9 -14 12 11 0 2 -9 7 -1 10 7

28
5 4 5 10 -7 0 10 2 12 0 1 5 13 -14 -10 7 8 13 10 15 -5 8 -11 14 2 6 -11 8

8
6 8 -2 9 4 8 5 1

21
-1 -12 -8 15 2 10 2 1 0 -0 12 12 -6 8 9 1 13 11 13 4 4

30
6 11 6 4 9 -10 8 -4 11 -9 14 1 4 9 -15 13 14 10 6 2 0 11 14 15 0 0 15 -3 -13 7

29
4 -2 13 3 9 -11 14 -4 2 14 14 10 -0 14 5 1 14 -6 9 6 -12 -8 4 7 10 1 2 9 -10

23
-15 -1 0 15 13 1 -4 -8 6 6 14 14 14 15 -4 1 -8 -11 6 3 -3 3 6

27
12 12 13 7 5 -3 5 7 2 3 15 14 -1 -6 9 -14 1 15 2 3 7 14 0 4 -15 14 5

28
-6 8 9 13 11 14 10 13 -11 15 4 11 4 -5 -8 -4 1 13 6 9 -3 12 11 14 13 13 -3 9

7
15 3 -13 -2 15 15 6

17
14 10 6 0 6 6 6 0 -14 4 7 2 -4 0 5 -11 -14

21
5 13 4 15 0 14 -13 5 0 14 -15 1 3 -9 1 3 13 -15 -11 15 13

30
10 2 6 5 13 -9 5 4 13 -15 0 -3 -11 -1 15 3 6 15 3 4 -7 11 9 -8 3 10 8 6 -0 9

31
13 13 -7 6 13 3 2 3 -8 6 -4 8 -0 2 4 -14 -9 4 -5 13 -2 -13 15 -7 10 7 7 1 10 14 5

13
-15 5 -13 -13 -2 13 12 13 8 11 1 8 5

12
4 -4 1 10 -10 14 12 7 -7 0 12 7

3
2 4 8

11
10 1 12 12 5 0 -5 3 11 -8 14

15
10 -7 9 -10 10 6 5 -2 6 11 2 -10 14 8 12

23
-6 9 2 14 3 13 13 12 4 4 11 5 5 -3 15 12 3 10 14 12 -0 11 7

7
11 -11 12 -12 7 10 -15

4
4 4 13 -7

26
7 -0 11 12 8 13 10 11 -8 4 10 -12 -8 15 1 0 13 -14 8 14 -3 5 4 -15 6 4

0

23
-2 11 -10 11 5 11 0 -15 4 -10 15 11 12 -3 -2 1 10 6 8 -15 10 2 13

17
2 -4 2 -7 -15 4 -10 1 9 5 5 12 -2 5 4 7 9

27
-12 9 14 -2 12 -15 10 0 2 4 10 11 14 -14 11 6 8 4 1 5 7 8 -1 9 -0 9 7

4
-6 15 0 1

23
-0 8 -2 14 3 11 15 8 1 -10 5 15 11 11 10 -5 14 12 -12 11 1 3 -11

27
-12 10 1 4 0 7 8 10 -8 0 4 4 -12 6 5 -13 -14 7 -12 12 10 -1 -12 6 3 13 1

1
13

28
-10 -3 3 -14 1 7 8 -0 3 5 1 15 0 -0 14 11 14 0 -0 12 -9 -15 -4 11 12 -1 8 -13

24
-13 -15 14 8 8 13 6 0 13 -14 12 9 7 5 4 10 -0 12 1 12 13 0 -7 -13

21
-11 -14 -11 8 -15 -7 11 13 5 6 8 7 -15 9 7 1 -0 3 9 14 13

6
8 3 5 -2 8 -5

26
-0 -1 1 -10 -1 12 9 3 1 14 -13 5 13 5 9 1 2 -1 -4 4 8 -15 -12 -8 12 13

25
-3 15 12 0 0 14 -11 -6 6 14 10 -3 9 -10 -13 -2 -10 -7 0 1 -2 2 1 3 3

1
14

2
-11 1

21
14 13 3 6 15 10 0 2 11 0 -14 -0 4 -7 2 10 -6 15 5 2 4

492
25 82 -73 -35 -94 39 33 14 6 94 57 18 38 68 -93 31 15 92 77 52 88 6 96 29 7 -77 24 38 44 10 -99 55 6 -58 27 7 2 -93 -86 4 -50 62 78 90 11 -60 45 -28 67 -86 97 -67 12 -1 35 48 -40 13 16 92 7 90 -24 3 -57 90 39 10 -18 -6 22 -95 -17 -32 15 61 81 74 73 48 -23 90 48 18 64 -24 -78 -0 80 81 61 -18 97 51 -74 54 42 -11 48 9 5 51 -57 -84 88 -84 -60 43 -99 32 -98 22 34 83 15 -48 -30 56 55 28 58 45 19 79 35 -95 -2 -26 3 72 6 90 23 28 -39 27 22 67 13 64 63 86 81 -54 78 6 50 25 47 9 -63 36 -12 82 55 79 10 35 34 79 -20 -48 37 1 80 24 -50 32 -20 40 -13 97 -41 18 27 39 38 22 13 60 85 88 -49 -50 87 97 14 27 79 -30 -46 6 8 11 4 67 60 -77 28 83 69 71 -78 90 -47 68 93 81 55 76 17 52 -51 91 8 99 6 17 73 46 32 66 41 32 -45 7 3 43 41 -39 60 84 13 55 -61 60 -16 72 78 58 16 37 30 78 -67 -25 60 98 15 64 55 -22 -51 33 2 -5 10 42 -75 63 42 75 2 -79 79 98 68 9 19 53 -39 44 4 41 10 27 -97 6 -79 73 82 96 -44 26 53 88 41 93 74 29 90 -37 62 44 34 -4 41 -70 59 0 79 56 77 18 83 36 -8 -17 22 68 83 -24 26 9 -95 49 1 47 -6 82 68 66 44 51 49 -26 44 -8 49 7 30 -22 13 62 -90 60 15 87 67 82 -10 53 11 77 31 8 93 45 4 -78 56 5 69 -87 -83 57 -77 52 -71 52 13 -16 43 17 -73 93 37 5 -96 47 13 77 14 83 58 40 48 -82 22 42 46 29 39 42 31 -66 46 40 24 -51 -11 10 52 -3 43 73 34 76 90 8 13 -66 22 24 -82 33 19 53 39 49 3 75 25 -62 22 89 -48 99 14 21 99 -41 1 45 -4 26 68 -48 -4 -61 84 66 58 7 89 -24 86 62 -64 31 -53 -79 62 67 41 45 83 10 -29 17 49 62 59 26 83 44 -18 10 -55 98 -58 74 60 87 5 64 50 -41 55 85 -28 79 -56 78 18 12 -72 -23 22 26 67 33 20 -79 -93 18 49 19 38 -21 25 89

998
64 93 12 94 5 -27 96 -76 72 -14 -68 -11 -93 -95 -61 -50 -83 -53 -20 54 64 9 -88 24 -35 -34 -10 25 -17 35 -17 57 33 49 -9 -84 89 85 -31 41 52 -27 -73 71 25 73 -43 95 -40 35 4 -75 64 -22 23 19 39 -90 98 6 19 18 10 -44 62 -5 50 11 -93 -14 96 -44 79 3 0 5 42 34 -41 7 61 73 -45 30 69 7 -30 57 -89 43 -70 61 24 69 78 72 41 55 29 24 -81 -68 -86 -77 85 17 21 72 30 15 70 51 85 49 43 17 9 40 62 23 42 8 -23 65 -26 13 -73 11 23 25 37 44 -32 94 -58 95 62 67 35 -91 18 -9 -22 1 32 64 26 20 -49 53 -36 59 3 36 63 52 37 76 34 56 61 -93 33 45 32 89 99 70 79 -94 39 -80 60 87 90 -66 68 38 -76 36 87 -80 78 -41 -62 -56 34 81 96 45 67 38 74 90 65 59 4 90 -95 44 71 62 -88 56 67 24 65 22 91 -90 -43 60 94 -34 87 50 31 68 59 57 25 12 95 30 99 -47 74 42 -11 61 7 60 -23 11 -52 60 53 20 60 -39 -23 54 47 -70 76 -60 43 -75 1 5 58 83 90 -63 -6 14 90 -31 -68 -99 84 28 31 50 -93 38 -72 -66 77 17 33 65 51 64 1 64 -74 -17 52 38 -74 49 49 14 97 63 -63 9 81 -86 -88 20 98 68 57 -96 86 -31 -64 -66 76 96 62 58 31 77 98 -34 36 47 64 25 -92 90 53 22 90 21 29 47 75 -32 -22 22 -73 4 64 -40 90 -16 91 25 10 85 -30 51 -8 83 55 93 26 66 83 98 89 20 6 13 49 7 82 89 46 26 -30 30 73 99 55 33 17 29 3 91 93 84 -8 71 50 8 72 90 87 5 39 91 -96 31 68 -4 72 -89 65 88 -9 97 87 79 28 20 75 -80 37 23 -86 18 67 44 68 -48 32 -64 36 -97 80 89 34 79 33 80 -29 83 6 81 11 -57 79 67 16 36 34 5 -99 43 -39 4 -22 69 66 59 83 73 41 34 56 59 48 11 52 31 30 64 -75 -37 -87 71 65 37 88 16 -93 40 91 92 10 87 12 -97 36 33 31 -94 5 -54 54 -43 46 -41 86 34 9 90 -73 13 74 -33 -55 -57 62 59 82 63 -85 -71 -90 -20 78 73 2 13 -36 37 77 57 5 7 18 73 27 78 53 68 -13 -35 79 -43 -98 60 26 -18 33 24 95 10 -45 91 39 -29 -53 20 -16 49 48 93 78 59 -36 66 -84 58 64 27 62 61 25 48 49 -8 10 77 65 51 23 -37 93 -88 -98 -66 75 27 -12 94 29 16 7 80 -33 -78 49 15 63 5 22 73 2 -50 33 -32 50 -54 93 82 -19 34 -27 15 56 -4 43 28 35 64 26 30 -97 -85 72 17 31 -11 5 2 99 92 40 40 -2 -43 -53 56 63 92 13 -26 -65 55 16 83 68 11 -47 -36 -60 29 -9 -15 31 59 21 40 27 8 -5 11 19 86 -26 20 -5 3 39 39 29 -18 36 88 -54 59 92 89 45 81 49 61 55 74 34 68 16 66 96 -68 -55 -15 50 10 32 70 -97 92 47 50 -84 48 -8 57 69 7 57 23 -79 6 28 96 11 29 -7 43 -49 44 58 14 -31 55 96 48 15 90 35 73 75 9 -34 -26 97 45 76 -35 33 96 21 8 -52 84 84 86 -13 95 1 87 44 57 44 -27 35 -58 73 96 -64 -64 91 13 99 7 29 2 80 97 4 6 53 99 -83 -3 80 -52 74 79 -73 77 -34 80 91 42 7 86 65 38 -84 -51 -12 88 -69 -12 59 -98 21 63 -60 59 6 79 -34 -75 10 -36 30 14 96 95 -68 52 75 6 73 -55 15 54 4 21 -7 90 33 38 34 37 -30 -97 5 93 21 61 88 39 48 -7 69 46 5 84 21 95 12 8 -47 -0 55 58 -29 87 -9 85 -96 32 19 46 39 -91 -37 72 -54 57 -86 4 16 96 38 55 -17 93 57 77 84 3 21 57 0 88 -34 53 35 -28 -35 -65 76 90 97 85 40 54 15 88 -30 53 72 68 -60 86 84 0 61 97 62 91 22 -64 -60 5 33 60 69 65 80 29 6 77 -72 -77 61 36 17 74 9 25 90 -51 17 93 24 14 52 -98 71 10 48 68 3 0 74 -58 62 80 30 28 -48 38 39 28 -16 46 -89 -35 61 8 60 56 79 53 10 17 28 11 43 81 82 77 99 67 99 0 45 33 92 87 71 66 11 71 21 66 85 79 -59 48 26 21 -56 49 96 -56 92 -20 -51 -9 -48 81 75 -69 59 -97 70 -10 77 28 95 94 10 42 9 -38 -31 -43 -80 94 35 77 14 84 98 18 52 -32 82 76 78 -1 34 16 14 -57 6 58 78 16 -59 22 -50 74

708
2 63 29 3 93 92 30 14 -52 48 3 -6 -99 40 97 44 -52 68 84 -60 -96 34 -46 96 34 97 73 79 78 -83 95 -27 -87 -82 23 49 95 98 35 44 -43 -59 -50 42 61 4 57 57 82 67 -81 77 56 -23 74 -14 61 -87 -16 40 -58 34 31 -11 82 71 0 97 75 0 39 20 92 -64 40 -85 -52 66 15 49 8 18 20 69 87 45 36 -79 76 88 0 67 97 40 -10 -67 61 -31 -4 29 22 69 44 90 97 89 55 54 41 22 88 74 78 83 58 -73 39 94 95 55 66 42 52 31 -95 97 94 34 29 -54 -82 24 73 8 7 -13 60 -0 4 10 36 83 -30 -54 39 4 39 46 99 85 -69 85 58 46 68 66 15 -38 -71 61 4 35 46 59 -87 4 48 38 26 -73 92 2 40 -8 36 25 87 35 -93 31 96 37 29 54 11 54 -18 -66 1 -22 96 78 60 21 12 86 44 56 -2 80 90 20 43 -68 13 81 90 49 -25 9 27 -50 71 96 -17 -39 11 69 98 50 31 76 91 77 1 -10 33 4 -66 82 -29 96 84 47 6 -97 30 63 52 94 30 33 16 -72 90 70 79 12 -83 98 10 31 22 17 -87 31 19 85 -6 -70 -16 19 59 60 -44 -36 58 -50 -13 10 83 22 -10 -38 -17 68 0 30 -19 54 4 73 9 95 43 75 99 80 56 29 30 8 37 42 84 24 38 51 73 22 5 -94 46 -18 49 -28 -49 -14 78 94 5 -51 68 -95 53 9 66 67 33 19 36 14 36 75 -37 77 92 -91 34 5 56 -98 -21 39 2 37 57 76 32 60 74 16 21 -31 94 -95 55 24 -11 83 25 5 76 80 -37 -82 33 34 -58 -62 53 54 3 37 98 -33 93 10 23 82 35 -28 15 75 79 77 99 45 -13 -21 55 -87 44 22 92 85 21 1 -28 13 -70 44 -25 23 24 -54 51 80 43 20 7 15 -70 -21 49 10 77 88 44 98 -60 0 46 12 35 -76 89 75 12 10 84 -32 26 68 88 92 71 -12 -25 58 8 -54 -78 9 79 56 -91 -76 65 40 15 2 81 55 91 70 0 49 58 -73 -29 -4 23 89 -30 -42 18 -84 10 57 5 5 4 35 16 4 91 69 41 2 44 21 -40 14 48 8 51 62 71 22 59 36 86 64 68 51 15 27 29 10 66 -35 84 25 48 -47 25 -9 -41 91 43 74 15 -66 95 -75 95 -79 60 -88 55 15 23 95 1 78 82 55 -58 -46 50 -15 84 77 2 -5 -5 41 -49 97 27 -99 -80 59 28 92 79 28 -5 11 75 16 93 12 49 96 38 86 -51 -9 55 62 12 -1 99 -24 33 58 53 20 85 31 64 41 67 99 55 8 55 84 26 81 -52 -37 14 12 77 74 65 9 70 59 -21 93 -29 83 90 66 -7 52 -16 73 12 40 16 14 10 64 94 12 -40 31 63 25 57 -92 -46 71 18 -40 13 72 80 10 99 50 21 21 34 55 -29 69 17 86 -4 21 84 44 35 91 29 25 78 87 45 -8 41 2 70 -98 18 95 18 19 97 39 8 81 14 -4 10 86 42 66 80 -90 89 -53 80 60 39 -8 -67 87 -57 93 3 74 72 61 -10 -55 40 6 85 50 69 24 47 69 -2 27 99 55 94 -76 20 55 44 33 31 58 93 40 94 48 -77 -58 29 99 35 84 12 68 53 -90 -37 -89

399
29 76 24 20 87 32 -0 88 44 92 -64 -40 42 8 18 73 14 -91 30 94 -12 -23 90 92 60 22 88 -47 91 25 -46 -9 52 -55 63 4 79 -91 -92 56 71 -32 93 95 -86 -94 71 97 55 9 53 98 94 -6 25 94 -45 8 58 27 24 29 28 -22 78 -53 97 19 93 -81 93 66 -54 33 30 -56 33 1 11 -96 7 -76 5 0 26 -68 9 61 9 27 58 46 69 4 75 26 2 91 50 57 -76 47 59 52 59 13 15 61 11 -68 -18 -21 1 31 7 80 13 -73 92 46 57 70 70 8 49 21 75 -92 59 32 12 54 -43 55 58 40 64 92 -45 20 33 -67 36 89 35 13 85 78 0 17 86 77 23 36 22 67 50 -16 98 33 27 -81 19 94 44 29 24 80 76 19 -26 57 -25 67 84 57 51 76 2 93 -85 29 29 8 -30 59 19 89 94 72 8 -42 -23 -34 93 76 -50 -92 18 88 32 61 16 0 -58 -89 5 79 -53 6 41 77 39 75 73 62 15 61 26 -46 37 4 -70 71 48 -22 -11 86 72 -11 29 55 50 80 34 65 13 66 -4 59 -18 -47 32 83 -46 -53 -21 73 30 51 32 -40 -38 81 0 0 -21 52 -80 61 35 54 75 -83 -85 26 3 -14 77 -89 87 49 88 -65 93 98 93 88 84 78 58 38 22 7 -0 -30 -37 0 36 97 96 58 -1 -62 -70 59 -48 -42 2 22 98 95 35 65 65 54 58 55 63 49 -61 14 57 -32 10 67 11 -95 9 22 -75 93 -41 -97 -70 -90 54 93 65 -23 83 -83 -4 45 -43 -93 96 56 86 -93 99 40 -41 16 10 34 82 92 -0 53 -8 66 84 45 27 79 -75 31 4 -26 -92 -11 82 13 -44 -82 64 -61 75 23 50 81 -25 45 65 95 -36 -35 62 56 67 11 40 36 32 70 65 -59 17 19 31 43 -73 89 -79 93 37 35 82

135
66 67 0 11 36 62 98 -13 54 59 75 86 -46 13 77 24 71 43 -62 -15 73 -20 58 -94 28 5 15 81 -39 41 -83 12 56 26 14 68 71 12 -25 94 -63 61 47 -92 41 56 50 78 -28 76 98 83 36 -51 53 66 0 99 74 35 76 91 63 84 26 87 8 -98 -17 57 50 -90 -55 99 84 96 81 90 8 88 38 -64 -49 94 16 88 27 -69 72 15 58 21 -50 36 38 45 4 27 -24 72 25 10 95 38 -52 29 16 2 -62 -77 67 -30 36 28 31 56 65 13 -50 32 57 18 12 44 63 27 0 5 19 0 86 11 74 63 29

992
38 50 21 61 -85 -75 34 72 -56 -22 -44 22 53 10 -28 10 68 83 34 -37 30 -39 50 39 22 -68 92 13 89 75 86 36 49 95 -67 -56 50 14 -11 10 68 51 -69 58 92 28 75 84 87 60 16 3 -16 70 76 65 63 8 -85 -94 4 -59 90 55 26 -35 84 65 -13 -32 -20 -37 65 19 12 79 88 47 33 60 -18 7 39 7 60 93 -88 68 -27 -8 -54 59 78 -25 61 76 86 -86 59 29 85 5 56 84 65 27 -32 14 -45 75 77 -37 38 40 -70 21 47 85 4 91 62 -41 56 57 -46 7 -87 39 21 27 -1 2 79 56 9 56 65 70 56 75 64 79 32 -81 50 48 60 -5 42 78 9 27 36 0 -29 -96 -63 96 -45 0 -37 -0 2 41 18 -1 7 6 30 88 38 4 63 48 30 57 48 69 14 -0 -83 12 81 85 80 22 62 72 79 39 -21 80 57 25 13 55 -30 38 41 75 -1 -45 24 94 90 16 -33 34 98 65 88 11 92 29 77 11 -54 46 26 -37 77 28 1 4 -73 15 42 31 28 23 -69 -36 43 57 -75 86 47 -67 81 -1 93 20 -95 25 64 81 35 61 0 0 65 79 5 66 22 -92 -87 54 64 59 31 66 58 50 51 -85 89 33 -67 -32 70 56 89 41 45 37 92 47 84 12 0 -55 66 -35 -40 -74 95 21 44 -93 66 17 87 13 14 -10 75 55 54 78 61 -10 86 45 49 23 -22 77 9 32 68 -90 7 -88 40 -13 -70 11 -10 38 47 26 53 -30 98 39 8 61 79 -82 -67 74 22 97 45 91 0 66 24 20 63 40 93 40 54 92 -21 62 55 75 -50 98 87 -56 -65 38 -40 -53 84 5 19 64 -20 83 90 29 28 43 43 82 79 90 3 4 40 29 64 51 24 -60 96 58 68 95 4 73 -50 7 -58 -44 -26 9 71 74 46 13 -28 22 -77 13 94 -17 1 1 89 9 71 57 78 41 70 70 29 52 61 40 3 -52 -86 -15 51 -94 42 68 35 48 15 8 -14 3 77 82 4 36 92 70 27 -17 -16 -93 46 -9 63 57 30 52 -55 -92 73 3 -84 60 -38 33 66 58 -20 25 -89 61 95 30 52 63 3 -43 39 -98 85 -37 10 16 15 65 29 75 44 79 80 26 8 70 -78 -78 -4 -19 -62 48 34 85 92 91 -70 84 65 85 85 74 -27 30 71 1 90 15 -15 -39 -65 43 53 37 42 45 29 -94 23 -44 79 -79 47 93 47 21 14 99 95 39 -10 21 55 99 45 24 41 93 50 2 -22 61 91 56 48 80 83 1 18 -68 -96 39 48 77 70 47 6 -80 20 87 88 30 -70 14 -83 55 -79 68 78 29 80 44 -36 87 17 -28 -95 30 41 57 79 -56 10 38 26 92 96 45 64 93 60 -40 -84 24 66 3 -97 -9 88 99 67 74 31 1 56 -29 68 75 91 31 32 8 97 40 16 5 34 0 50 -13 -47 27 16 73 54 17 94 72 46 81 8 99 -65 -60 -52 27 20 71 -61 95 4 59 -94 -42 -48 4 62 -0 6 47 90 -61 33 -50 81 62 -62 -84 5 98 2 10 9 43 27 25 -17 -79 23 97 26 -43 33 98 58 -43 2 28 16 78 66 12 93 38 24 74 47 -92 96 70 38 18 19 51 70 83 36 72 91 -98 -98 67 93 -77 1 48 13 -79 65 72 63 24 56 80 59 63 7 3 93 95 32 -33 62 82 46 15 -14 12 88 18 28 57 -16 88 46 -8 79 -76 58 -73 -16 70 80 -1 79 -68 -5 43 90 -34 67 -15 88 91 -53 54 6 0 59 59 -25 -46 4 55 76 -83 36 93 93 -22 -54 68 53 50 74 3 88 -82 42 40 32 -14 74 97 -96 66 0 -62 6 18 -74 -85 22 -56 -9 87 -23 14 12 -69 34 11 73 41 91 -64 33 28 69 24 36 24 64 61 53 -37 69 -74 -79 26 27 -87 92 67 -4 -43 54 53 9 47 49 2 89 13 92 90 33 83 98 90 -46 95 53 -23 -67 77 58 86 56 20 42 71 -93 5 -56 45 82 55 93 50 -0 28 59 62 66 19 46 41 96 34 94 59 72 64 -96 26 46 11 -22 25 -56 53 39 -45 93 93 11 -64 -71 49 46 68 35 -51 52 -49 25 67 -97 53 -96 30 2 -43 26 45 72 -17 -44 -16 -49 61 69 91 46 -61 94 2 37 74 89 87 36 21 -25 33 56 1 75 95 41 16 51 36 63 55 -82 66 0 -51 78 0 -31 63 97 80 19 78 -66 63 29 -85 61 83 44 -39 23 8 -44 64 81 84 44 75 80 91 8 26 81 35 -99 -99 65 80 30 55 93 16 57 0 33 51 -21 63 38 -79 25 -12 89 -4 42 34 -2 25 93 49

334
-0 -95 83 -68 -80 -60 71 99 7 10 -4 21 -23 52 34 27 51 16 75 21 -95 17 36 -86 90 14 46 53 21 74 -89 93 -27 26 99 9 32 17 -46 64 -4 -34 -66 71 -46 46 50 27 -54 -31 5 -51 18 58 76 52 52 34 26 62 54 59 53 85 44 12 -8 -38 36 90 22 48 32 98 -39 35 73 53 85 -85 58 78 65 -92 -65 17 80 -15 99 75 77 -87 10 29 82 -25 64 -58 -72 82 -36 30 68 32 62 61 -71 42 92 28 39 66 9 -37 26 75 75 -30 2 15 23 8 29 27 26 48 -61 -25 91 55 33 84 88 4 29 7 99 98 70 54 85 66 68 -20 5 81 6 99 31 38 26 65 65 10 93 83 66 28 92 -98 24 88 96 29 -94 -40 -17 1 22 69 27 98 58 32 75 0 -61 33 -79 36 34 49 83 85 14 -76 63 87 53 23 -1 79 67 -71 79 23 -84 -17 75 28 13 34 31 1 92 64 -52 55 60 18 86 57 18 42 34 86 27 -28 94 95 6 32 7 79 -18 11 43 79 95 59 95 29 71 86 90 4 45 -56 -29 72 88 4 -4 98 8 -81 7 78 23 48 2 10 93 52 57 -74 -8 82 13 64 41 76 11 31 75 99 84 25 80 -4 54 36 -8 79 50 46 92 92 81 -41 3 34 -3 69 89 -25 51 -58 -31 32 33 73 52 -85 -41 91 -20 84 -89 -10 78 73 49 -40 74 62 2 37 -5 41 -2 43 61 1 33 80 99 93 90 -82 -58 23 -84 68 88 87 45 68 11 61 -32 8 -99 -33

373
67 46 81 -99 -79 34 -80 85 -44 26 57 45 83 50 62 -25 97 45 83 -24 37 55 34 32 -88 43 -32 96 70 52 37 -66 53 64 7 2 -46 65 50 62 59 36 98 -59 82 56 93 58 37 -86 63 -93 46 46 60 39 -18 16 -11 -88 91 16 71 -35 97 5 -11 -73 10 6 80 -94 24 -18 90 80 54 18 -23 86 -76 84 42 96 -29 27 51 59 36 -62 35 59 91 67 -36 38 96 -3 31 47 6 69 0 85 57 -66 -42 86 7 51 10 7 11 -49 62 55 75 77 57 15 62 11 59 -41 54 10 -33 22 32 90 -25 14 74 28 58 49 29 76 -61 6 61 31 38 42 -82 16 -30 -59 25 -87 35 -55 1 -52 -52 82 27 -11 71 87 -38 12 85 76 11 98 -3 10 -89 -19 25 59 66 69 24 -95 11 86 32 -58 77 42 -14 37 -19 48 -61 48 78 69 25 68 77 84 68 56 -51 29 55 -72 26 22 28 71 39 60 9 -52 86 47 30 51 6 -50 51 39 95 21 83 81 84 90 73 32 30 65 -88 46 0 -60 23 33 13 -45 46 23 71 28 60 55 45 55 40 31 -55 -96 -91 49 35 4 73 16 45 -41 57 99 21 -87 13 6 -62 98 36 -13 -46 -57 97 -15 70 -51 5 82 -62 91 -44 95 5 64 45 65 -48 62 -48 92 34 -50 98 69 57 87 62 61 28 -61 55 16 1 53 -7 72 40 84 58 51 18 -70 73 0 8 78 -91 -71 76 -95 21 77 94 53 67 20 95 66 73 74 31 50 -51 15 50 64 -82 37 3 80 99 -8 43 15 44 3 95 98 78 26 80 -4 32 90 36 10 75 -81 93 40 39 65 48 32 81 59 -1 -75 60 21 39 83 2 38 -66 -38 73 95 -19

43
0 -62 40 88 -38 98 96 22 84 1 9 -70 -4 -13 -45 29 31 -10 -21 0 7 49 -81 -71 14 -2 -56 41 50 90 99 44 14 5 -56 -98 4 -71 23 -7 66 13 33

183
84 77 -12 -76 -14 99 91 -52 -13 29 76 10 42 79 -4 3 52 72 80 11 34 49 19 32 6 -36 37 0 -17 -47 -70 14 35 38 90 -15 64 50 69 68 -47 61 54 67 -45 97 70 41 1 -73 33 15 4 -84 51 -1 13 39 28 -43 26 92 -3 -53 -17 47 67 99 32 -50 40 87 18 74 -85 72 -10 59 50 22 92 69 84 35 8 53 -89 6 70 54 50 71 -96 77 96 18 -69 -51 60 74 72 68 71 -21 7 -54 6 -21 60 1 50 48 -58 -77 39 -38 -83 77 86 -0 77 55 -32 -38 79 1 10 53 -1 91 86 56 93 75 35 76 82 48 60 59 -30 73 61 14 61 59 39 20 52 63 24 52 -23 -73 91 27 44 15 31 24 -86 44 51 10 13 -43 18 47 0 29 56 -65 8 10 61 37 18 -26 98 -74 66 -4 17

948
69 7 33 30 75 -43 24 -4 48 50 88 -44 57 8 83 71 -37 16 45 -55 61 -92 81 61 -87 0 -53 -31 -62 -56 -4 1 58 63 68 28 22 18 70 36 -42 88 37 58 -64 49 94 62 72 59 48 74 61 77 72 92 54 63 52 -43 40 37 94 90 76 60 41 -47 79 89 43 71 66 93 59 -39 -80 89 27 93 85 -80 92 33 5 27 8 -97 36 96 78 51 63 37 24 46 -36 88 6 3 47 -11 33 -33 -3 -18 17 44 -62 -27 64 48 -52 32 -61 -22 70 68 46 26 84 84 17 -38 62 19 -91 30 -56 6 1 78 -65 28 -1 14 50 90 26 -51 47 66 42 -86 62 -67 -76 88 97 5 22 -35 69 -43 58 -88 17 -48 55 61 30 82 79 99 -38 74 28 36 38 46 26 6 -41 7 92 67 98 -32 23 5 -41 73 -40 -67 40 79 0 63 92 42 91 -11 10 70 28 46 6 42 80 77 75 -92 94 21 -29 24 -25 14 -31 21 -60 84 91 65 89 96 -3 44 47 84 80 -50 48 93 49 -43 -85 81 54 52 93 60 93 93 21 69 90 59 -36 70 70 99 92 36 31 -42 -92 -72 58 78 47 85 -19 -28 48 92 15 77 -24 7 -57 -31 4 39 21 -98 17 10 -79 43 -41 49 27 17 96 11 -25 -7 50 -48 16 92 29 73 93 39 52 96 18 87 89 -20 46 48 26 -72 94 80 70 35 70 3 66 6 64 99 -44 71 98 -91 19 20 79 -40 -54 17 -5 51 71 56 3 -92 78 42 -87 -53 -0 24 26 32 96 9 70 -73 -70 -81 -88 -73 -90 95 52 -36 26 -83 30 36 17 28 11 34 35 7 -41 42 99 61 90 7 -62 20 9 71 54 -67 5 99 68 17 90 41 49 44 4 -55 -97 63 31 -85 -37 3 -5 -88 60 36 64 43 -84 4 42 10 86 98 -11 8 40 96 -18 23 89 33 -89 19 -16 17 35 -2 53 43 -35 65 -67 25 45 -67 8 92 29 26 38 55 22 99 -9 -40 46 -24 19 2 98 55 22 59 62 -96 80 26 -13 30 -19 71 79 -82 45 67 54 53 -21 79 -49 35 30 84 90 70 88 -79 37 18 46 30 11 80 0 -19 38 -83 20 16 33 72 -28 41 14 -52 -0 -17 71 -47 61 73 -24 20 76 55 23 83 31 69 -87 10 -56 2 80 51 -19 93 33 40 2 -72 75 29 36 56 -24 15 97 60 -19 71 87 34 29 -83 -22 10 66 8 42 78 82 46 62 -8 69 20 47 30 29 61 -24 53 62 45 25 22 -20 38 79 -64 82 10 -42 7 57 28 91 -23 43 62 43 80 57 98 21 90 50 34 -44 16 61 -34 78 -9 78 93 -8 37 96 6 -49 21 -48 43 -48 45 -56 65 41 7 46 92 26 24 -16 40 -79 -68 21 24 -72 83 -53 15 23 13 -23 80 87 24 35 73 30 45 -5 72 -91 10 -56 -90 47 -5 12 25 90 7 66 95 25 -51 10 12 -31 49 99 70 46 -70 -62 10 96 -34 53 -14 70 -14 -41 38 -53 11 79 51 57 85 20 -76 17 35 91 1 15 99 46 -32 -25 51 -77 83 28 -10 -67 70 0 -7 55 5 28 31 42 25 11 76 83 79 31 13 27 35 88 18 3 -19 32 57 -70 -98 10 -22 -38 58 -42 -68 6 -48 -98 42 -47 -84 68 -58 75 72 -82 -84 -48 90 -65 64 -66 69 84 -70 29 62 0 88 76 -66 -7 -31 44 51 -36 84 -80 19 -69 47 49 96 82 77 -97 74 97 12 -31 -2 -31 73 44 -80 35 -12 41 85 97 39 10 -51 22 -1 31 -24 -94 -77 43 4 89 66 29 58 -18 -25 14 41 96 42 -50 -41 17 -87 28 -90 60 -99 59 68 11 59 -26 -15 94 49 28 -46 61 57 -25 58 55 -26 19 93 93 -9 -4 -94 37 47 38 15 -79 -92 72 41 -11 95 66 66 44 31 55 98 20 -10 43 61 51 78 55 3 91 2 90 69 47 34 29 46 83 12 35 1 27 61 -3 1 67 3 23 44 24 -24 -64 7 80 77 44 53 14 6 -83 63 -15 13 -39 13 -40 21 12 -55 -99 59 67 67 -31 98 84 -21 80 42 48 -86 96 -45 87 5 85 82 81 86 -74 83 50 -62 43 1 63 -31 -99 72 77 77 95 -19 -60 45 95 49 36 -28 -67 -74 21 -41 82 -12 -92 -78 -53 -19 -7 4 96 0 64 16 -9 13 49 -56 68 95 13 -3 22 84 -91 -36 93 -25 64 92 36 9 11 21 -37 44 41 21 75 97 45 6 -70 -47

579
39 17 22 7 76 -28 36 85 51 11 50 -53 88 6 42 52 58 -29 77 -23 28 1 34 52 38 46 -45 24 -95 8 76 71 83 19 89 -69 98 82 -8 70 2 87 -19 -32 -94 4 6 -10 75 53 76 -35 -96 59 56 54 1 -58 53 87 36 70 18 83 14 63 62 69 -67 -66 14 35 62 37 88 66 -20 18 21 84 41 30 45 -17 -32 89 -4 63 -21 -85 80 86 -92 39 62 -53 23 63 -87 85 64 18 -54 38 37 38 -31 -70 -85 41 37 4 82 84 48 93 0 85 49 31 51 -56 97 58 40 83 46 41 6 50 -48 72 -7 55 85 94 59 -23 82 92 85 4 62 12 -23 27 -10 24 13 -77 18 39 27 86 48 35 53 69 37 -40 48 36 71 -80 91 34 -82 39 41 -22 56 79 1 81 33 -2 40 93 50 -99 -83 55 64 26 24 98 -62 93 77 53 47 -45 -46 55 -15 -42 -45 16 44 66 47 -0 42 72 20 82 85 60 17 31 -74 84 24 28 47 37 59 -56 83 -76 58 -76 38 26 3 93 84 97 81 28 72 76 7 88 65 -98 76 -71 -10 22 60 44 -44 -4 71 59 50 31 71 51 37 13 24 79 86 53 69 -90 42 44 79 -62 42 90 17 2 43 -71 4 55 -5 -89 -9 44 -78 69 95 -90 29 3 25 5 25 -37 27 23 56 -11 44 68 48 -31 73 81 57 1 93 -51 -34 -51 36 98 39 9 69 5 -20 -12 13 -48 81 -53 -7 -97 97 7 76 78 -19 51 17 9 97 31 67 33 80 28 94 32 26 77 50 70 94 62 29 49 45 41 11 18 64 82 71 -54 59 -52 -90 30 43 48 68 3 30 30 70 85 -46 49 87 20 38 7 47 16 34 67 63 67 19 87 50 -28 45 71 32 82 15 -54 30 9 -88 18 51 48 36 -65 13 -39 23 46 -53 82 21 35 59 68 25 50 24 51 39 3 62 14 53 96 40 -27 67 16 59 78 75 65 31 12 85 -74 -9 -84 48 -69 -63 53 11 60 6 -59 -71 33 93 25 64 77 88 88 45 29 5 -42 4 -92 45 96 -80 71 -78 55 95 20 45 24 -65 3 39 -91 0 11 91 14 41 48 33 -66 87 64 46 78 93 85 27 -29 16 77 99 -30 29 64 33 -92 20 8 -97 29 68 27 -95 -27 0 71 48 44 32 41 42 42 -93 80 38 85 -28 6 73 87 89 -77 13 68 82 15 -46 91 61 82 33 57 83 -37 -96 34 -35 28 -85 98 -9 97 -75 94 60 87 47 55 -8 -39 69 47 37 57 75 -42 72 39 28 -88 -62 -34 21 -92 86 -38 57 -64 -12 17 -80 23 51 4 -96 19 73 19 -96 27 -96 42 55 52 79 -59 -32 15 45 -62 17 3 88

235
36 15 87 -12 -41 96 49 -20 -2 76 -1 0 17 50 22 47 -16 -80 48 -51 63 2 17 25 78 -57 1 -25 43 29 4 -75 43 -27 0 -32 79 29 8 20 8 69 86 -32 22 46 94 51 -32 80 62 1 50 -41 88 -49 -42 10 65 61 -7 19 32 -38 1 50 -34 8 33 -47 15 70 -66 38 74 72 59 35 -13 61 48 82 -14 19 45 -72 14 -70 -26 12 13 -86 79 68 -98 12 92 81 -89 -57 18 47 76 12 30 7 -65 20 18 90 -70 15 0 -73 0 76 -64 54 45 48 96 71 53 -58 83 -40 54 20 56 97 27 79 -1 85 53 73 -92 14 39 17 73 28 17 35 93 -35 61 65 -0 12 -87 6 -34 77 98 97 55 51 78 -99 -74 44 0 2 63 58 -53 82 90 13 57 -11 -40 37 53 -41 74 68 99 80 37 13 -55 -82 58 33 58 32 60 68 10 45 -99 63 36 -14 34 68 -27 -35 97 -5 65 5 -58 95 39 9 -6 89 -20 71 35 43 93 -3 51 98 97 46 81 80 33 11 -66 -37 60 92 0 61 18 -37 25 89 91

703
25 63 -62 60 22 -43 25 4 56 85 -14 39 26 24 70 -35 40 97 -7 -12 74 -42 11 23 42 70 62 -91 40 93 -80 -10 79 -79 17 68 98 95 8 -28 31 7 12 37 -19 -15 60 71 37 -30 45 98 -60 4 15 71 35 95 -82 52 -64 52 49 -67 78 41 47 19 88 28 8 54 82 43 83 -17 19 -75 45 7 44 46 -44 3 41 89 34 97 45 33 -92 79 -72 -32 53 92 40 -92 -8 70 78 3 54 82 45 80 70 1 70 12 25 -72 -48 54 12 10 35 -8 -17 90 61 5 86 79 44 32 0 38 74 -57 69 33 84 -95 87 68 11 85 84 7 -59 -49 0 12 84 17 40 -11 96 78 47 -84 76 -8 37 40 -59 -9 80 86 95 -71 5 -12 92 -37 92 49 95 28 73 33 61 44 68 7 85 50 12 -92 -4 95 54 -17 54 86 18 64 -66 74 90 49 -11 66 14 79 -91 19 22 51 87 57 -60 37 82 64 44 0 17 -78 80 -53 35 20 14 87 60 -6 69 -51 7 28 81 59 50 81 99 53 64 45 -97 -31 80 82 85 5 50 -49 -17 34 98 49 6 85 79 0 18 38 73 51 6 -55 -93 92 65 81 45 13 36 22 -84 44 58 0 55 94 60 70 6 -20 40 86 84 89 54 89 39 41 20 33 -46 36 -76 16 20 57 91 50 0 0 3 -93 -27 44 -29 22 4 85 69 67 91 -54 -72 61 43 79 -3 93 -7 -29 -66 15 14 -55 7 -76 -50 84 86 99 59 -81 3 -45 64 -51 30 53 -19 83 34 28 42 11 10 11 41 36 70 7 -61 -69 76 -92 34 26 35 4 -19 7 27 3 14 -65 -25 71 -82 -82 14 -58 49 -68 40 -15 88 45 96 36 91 46 -77 55 9 69 11 27 -65 50 20 68 -91 -28 65 49 69 26 17 -57 71 54 58 -47 29 80 -66 9 66 -48 5 -93 45 72 -4 -40 60 62 -80 94 59 62 27 87 13 78 -85 45 94 96 99 26 87 29 49 80 50 38 65 23 12 97 76 31 -11 -21 68 69 39 74 74 -1 -96 54 68 92 83 82 35 82 97 -9 54 72 81 33 52 -32 77 13 68 30 -50 10 29 84 47 43 -23 -46 13 -65 18 17 -88 93 -88 59 87 76 66 -95 -5 19 6 -38 -97 89 4 64 -90 -0 81 -69 33 89 -10 -64 28 49 -1 58 46 18 7 -43 92 27 7 97 99 -91 -24 77 91 38 -69 46 97 18 51 53 8 20 81 7 57 -42 6 -33 2 93 20 -39 56 25 70 3 11 98 46 77 -56 36 90 -63 44 68 99 34 68 -16 -90 20 -47 50 76 -0 46 98 9 85 73 19 12 80 17 70 68 13 9 -65 -42 21 54 -81 84 17 -19 81 -94 63 10 23 75 50 4 -73 -32 87 65 2 86 58 -8 88 6 -69 88 99 82 -0 16 85 68 87 45 -35 60 89 38 -74 33 -12 89 86 64 61 -12 81 24 67 9 5 48 90 77 30 60 84 58 24 61 -55 -37 58 8 -34 28 39 -39 15 45 78 92 59 89 26 -74 28 -70 76 -12 48 54 -20 68 9 -85 -75 7 80 23 99 40 12 65 -92 2 73 -79 -50 -81 -17 52 48 79 7 39 55 37 41 7 84 26 19 4 -9 81 8 -18 -96 88 56 62 6 31 55 -85 53 49 -68 93 43 -55

283
26 9 -47 84 27 33 32 82 70 28 23 1 45 24 86 85 -86 40 11 12 77 -66 83 -36 22 -34 68 27 -18 38 -30 21 21 -5 91 23 16 78 89 52 31 62 -25 -17 44 5 -83 94 88 -41 69 48 5 36 -44 -11 30 -31 66 56 56 88 87 1 85 -7 59 44 -37 15 -25 61 3 64 -93 35 33 93 61 48 89 6 15 68 87 87 14 21 93 43 -9 39 -6 -62 31 67 19 24 -79 39 29 32 79 65 90 10 40 -41 86 -66 66 90 10 20 60 -61 38 88 46 41 -15 87 -4 53 -83 -61 5 35 70 62 19 23 -16 26 18 50 22 40 17 69 65 -50 -34 -91 45 87 76 73 74 -58 70 -29 -97 71 15 -66 -23 3 7 61 51 21 63 -23 98 34 93 -65 85 56 28 32 44 60 -86 7 74 -69 -27 79 78 97 80 14 -2 69 98 -86 -42 97 73 -18 85 89 33 41 85 35 -5 -35 25 42 10 69 80 85 74 -52 43 75 61 -92 59 16 81 -75 59 33 51 74 -72 36 15 58 82 39 -2 42 14 -77 -61 6 75 42 98 61 76 70 89 2 66 15 -28 -34 67 42 69 52 -93 26 64 14 88 84 69 -49 83 -8 -25 5 59 -24 49 76 23 33 -93 32 36 10 -6 -93 -79 52 48 96 -57 39 -49 0 21 64 86

868
22 10 74 -73 1 67 75 -54 86 74 -27 -97 63 20 -73 77 36 27 8 25 -27 19 72 88 3 55 56 87 91 48 -27 11 12 25 39 -86 98 -24 82 -81 -27 -69 44 54 -67 51 32 -9 1 -70 88 63 -14 8 53 -34 81 -68 63 -12 -29 -24 78 59 71 24 89 97 28 52 99 -13 42 58 -56 88 86 -99 98 96 91 -81 -12 88 88 21 79 21 -68 -30 2 14 83 57 76 2 78 -52 66 83 33 46 43 89 -99 -40 -38 94 68 -54 57 15 96 78 -61 -21 -69 -11 -87 77 72 39 -24 36 -38 40 52 35 75 -15 -30 35 55 -64 50 80 63 38 58 83 17 47 78 22 51 94 77 33 -79 79 43 -57 83 -97 -69 41 3 60 75 91 -23 8 67 37 91 81 -79 44 33 56 73 93 39 61 40 93 91 68 95 9 25 24 28 -20 -13 68 26 66 71 -84 85 80 -83 38 58 -69 38 88 66 84 -37 -70 -18 85 -17 53 50 -30 -34 65 16 27 -32 -78 -28 -83 19 -33 42 -78 -91 13 17 27 -64 47 -31 91 43 14 36 41 3 92 -96 57 54 80 -18 -27 4 66 2 -51 -31 -20 15 22 87 -67 89 22 99 71 -15 51 -26 59 -79 -77 27 -78 59 -64 19 82 60 8 59 -80 -78 50 53 36 71 95 63 -45 79 -20 93 11 59 17 -98 49 -33 37 -60 71 39 -33 40 76 40 22 -3 -91 4 85 59 35 85 79 99 -80 68 45 96 32 74 21 39 -92 22 50 -63 -25 10 45 58 52 43 88 74 75 -27 27 -61 -62 49 68 49 13 -2 -21 88 40 74 22 4 98 97 2 48 46 -28 14 13 89 89 -28 -36 60 52 12 83 -40 39 -92 58 37 5 16 82 86 68 -1 87 68 0 -48 -42 16 -83 20 47 -32 -12 -23 6 18 27 31 84 58 31 20 47 58 45 77 40 48 10 99 -36 94 88 -30 -29 -61 -47 38 70 81 80 63 20 25 87 50 94 -39 74 12 10 -69 59 8 8 48 0 -9 -74 -2 -11 37 0 93 98 83 -30 -22 63 70 72 -60 -81 44 8 69 -2 29 -87 29 31 98 -68 3 3 -56 96 99 42 34 41 -73 14 98 29 90 44 -75 14 48 -8 -97 77 -83 44 73 76 33 53 95 10 -48 27 -71 -57 14 -28 71 12 76 27 45 -99 46 9 40 27 78 -15 51 21 38 -81 -58 67 1 87 50 -25 91 89 11 71 75 91 59 97 65 11 72 -9 77 -24 34 75 89 -57 -33 41 67 92 48 28 19 -40 -73 69 -49 29 95 10 73 -88 0 19 14 98 4 -32 -21 -67 26 97 82 12 -83 18 93 -15 88 66 -2 -70 47 30 27 -15 -38 -82 40 2 68 84 78 -7 37 22 42 98 -98 61 30 84 90 41 60 9 15 41 -44 13 -26 -25 31 61 4 11 52 55 13 28 92 53 -83 6 48 65 6 -99 66 22 87 -9 -81 -85 13 -20 -3 18 73 69 95 99 78 42 -11 19 50 90 96 27 93 20 73 86 66 19 42 66 -69 -17 76 83 -68 11 52 78 89 45 92 61 91 -23 -4 54 1 -10 11 57 70 47 10 -20 80 14 49 35 13 -25 52 94 54 84 1 96 13 94 74 26 83 79 -21 76 26 3 -33 36 6 5 65 -79 50 -5 43 82 -25 -11 29 32 -89 -37 -36 15 46 2 26 94 10 -4 84 79 1 -7 -78 89 26 94 -52 57 -82 -63 -44 89 61 7 32 58 29 -15 56 78 -83 97 86 -86 65 -33 11 67 67 22 64 37 98 4 9 89 12 32 92 71 20 22 78 7 -15 97 -62 25 40 18 64 46 97 27 48 2 54 55 13 29 96 60 66 22 -66 59 -52 59 87 91 88 8 18 26 -79 64 39 38 61 15 5 11 84 8 61 11 45 44 -88 0 30 46 93 -26 49 86 68 12 72 27 -72 -34 63 -33 1 70 50 5 5 1 -25 8 37 97 93 46 67 83 63 33 2 -0 -76 -47 88 35 88 58 68 39 84 -79 -23 86 31 55 27 37 12 -84 -36 66 18 3 -84 49 84 23 -43 98 -81 11 -12 63 88 -28 -22 1 71 -27 51

124
-87 2 -52 -97 45 93 14 68 33 18 41 11 36 -61 18 22 98 5 -88 84 -56 38 22 12 -77 17 47 52 95 30 54 72 -29 -59 -83 3 73 -61 -52 55 7 52 0 90 21 14 -25 32 -67 76 -88 93 24 61 -31 10 -89 93 70 90 57 18 42 41 95 -63 -0 48 -62 5 79 83 29 62 -65 -42 60 8 63 15 22 -97 38 99 8 97 71 7 62 -3 26 1 9 93 15 35 -91 60 83 34 67 82 17 -42 15 6 42 -33 20 -76 39 -25 1 65 -48 -31 83 5 -6 79 44 68 48 41

617
70 19 -33 87 67 70 6 2 94 77 -86 89 19 -24 -21 52 5 29 77 13 -43 14 73 20 23 65 1 -36 -86 -93 -57 2 20 -54 99 93 3 43 76 -49 -13 -12 73 -34 9 19 24 -81 53 41 -55 -99 -94 87 58 -73 55 85 85 88 51 65 82 -24 34 -92 4 99 -35 20 -27 -17 82 11 26 66 11 58 82 81 0 9 17 -55 47 50 73 9 -21 28 24 30 30 33 -22 32 -39 28 -1 61 -63 -76 -30 97 -58 4 -23 21 74 21 20 19 -94 21 35 97 98 -39 10 32 65 -54 -22 46 -82 45 73 19 68 -68 74 5 90 5 33 -73 78 40 -55 -1 6 97 14 0 56 37 37 -59 -40 31 53 24 32 84 3 -29 83 -41 42 80 13 -85 16 -29 -8 82 17 -93 23 41 14 39 97 -46 26 -42 0 94 23 73 89 44 -17 60 18 18 71 33 91 12 10 61 85 27 84 -39 11 -31 -25 21 44 28 1 -88 93 14 58 14 35 51 45 96 -78 85 71 46 -49 36 -40 95 -77 -89 -89 31 97 0 77 -51 76 10 46 68 -35 99 -80 60 8 97 54 77 -62 -50 74 46 42 50 65 89 26 -27 86 68 89 95 45 99 -2 99 -3 79 6 -39 -52 75 20 89 -42 -57 27 79 77 85 31 8 34 -85 -21 64 56 -55 94 38 7 -72 -0 11 -81 61 85 99 -61 12 -60 59 69 -48 16 4 34 9 79 -16 -69 24 51 -26 60 99 -19 41 -30 -56 81 21 -88 54 -55 -79 3 31 27 72 -0 -61 34 60 96 -10 -28 97 -14 35 77 46 -69 87 39 89 35 59 -56 86 87 86 -32 -83 38 67 -36 -48 96 6 99 75 97 3 -57 11 90 11 33 20 64 91 53 -57 -78 37 59 11 -50 -63 8 -3 -23 20 -60 80 -80 76 62 87 1 70 92 22 0 53 -11 7 22 43 72 58 46 38 -71 -52 53 38 8 39 49 -69 0 -46 9 56 64 -86 0 22 53 -0 1 -3 2 70 -38 11 68 64 99 11 -86 26 25 13 28 36 -4 39 85 10 0 13 84 50 49 51 62 77 31 -65 56 -40 -92 72 92 -0 56 14 94 28 -78 34 61 80 2 3 51 23 75 21 78 13 91 27 43 85 -86 66 31 92 95 47 92 42 66 39 88 83 79 -69 69 0 73 -7 16 93 -0 -10 64 15 67 79 7 39 76 14 62 4 33 44 64 13 -31 60 80 -77 -30 8 22 29 -56 -95 61 6 -64 -96 -41 96 -37 67 35 18 -5 8 73 26 84 0 -25 92 9 21 -1 26 77 -9 -42 31 57 74 28 64 26 9 74 -45 93 38 84 -86 10 26 26 51 -48 17 30 40 49 60 55 -60 23 44 -67 21 -77 34 57 90 -64 34 41 3 -76 -66 20 33 29 3 59 26 27 43 -99 -42 92 57 2 -28 -27 15 73 -43 77 -2 26 76 -42 -90 56 4 -8 86 26 41 8 53 -56 87 98 21 -71

321
-13 19 -24 10 11 11 53 15 85 -64 80 58 62 -87 23 -67 5 94 90 59 32 28 99 -96 19 55 76 18 18 76 42 30 35 -34 -81 -31 67 -3 55 50 12 78 -76 79 2 88 55 48 48 72 79 47 -67 -64 1 -48 -77 -6 75 99 44 -26 11 94 13 -92 22 -91 41 -11 -74 -8 90 56 -51 47 -96 48 52 70 -9 9 54 72 12 90 46 90 -65 -7 54 65 32 13 -7 53 98 51 -19 -99 -58 -69 41 98 58 75 63 -19 5 83 68 -85 3 -70 12 53 63 32 -34 63 39 -60 79 -2 12 1 26 98 -76 -55 41 63 82 61 29 12 63 23 4 -30 66 48 23 -25 66 -91 -40 -65 54 43 51 4 81 12 56 54 30 -19 1 4 77 27 55 45 71 45 96 -92 29 67 -50 13 27 34 81 -48 39 -81 20 55 66 65 -3 44 -13 -22 36 44 -72 44 74 -64 20 59 23 83 67 5 9 7 17 37 69 69 17 -46 6 4 60 18 29 26 53 71 84 36 60 -7 60 74 42 68 87 79 39 84 51 69 45 -19 -23 35 -34 16 -70 23 15 66 19 2 -95 30 0 -4 45 79 83 4 56 63 -15 43 81 84 -55 -10 25 -49 -93 -23 -33 58 16 86 39 3 40 36 56 74 7 13 29 11 72 64 37 22 -41 -30 -61 86 31 27 -43 2 -89 87 83 45 -85 -13 85 -79 47 -59 94 14 -20 17 94 -17 40 54 -55 82 10 66 82 25 7 42 82 84 49 -69 73 78 95 -88 85

1015
47 62 53 23 19 28 94 9 37 17 36 63 3 90 85 5 84 30 79 23 65 76 -40 7 49 -62 84 87 25 97 43 94 -22 16 -82 4 44 59 -19 -66 95 5 -6 18 -23 94 69 98 69 97 6 -3 34 -87 -80 73 34 58 72 77 95 -65 -12 60 30 -37 63 87 54 -3 -31 14 55 63 1 -78 63 66 59 62 88 26 40 0 -43 81 80 -96 69 67 51 -19 -41 -43 64 -42 -4 55 85 -91 -59 7 20 -78 15 12 -95 33 21 89 33 41 4 -86 3 22 2 5 -85 64 -33 70 -11 17 84 21 -90 8 10 37 -24 28 -41 0 70 -30 92 84 8 -88 7 -63 24 45 69 1 93 -71 -67 12 -88 93 -47 37 30 0 87 -39 -86 51 18 -53 85 46 -1 42 -5 70 64 12 -85 36 28 88 60 -74 95 42 5 86 52 47 -16 62 -77 -79 90 87 90 -89 19 33 43 99 -68 58 66 30 76 66 70 68 64 -83 34 -9 87 24 -74 83 -13 15 0 65 89 81 81 23 56 52 30 0 60 1 -0 77 30 -44 89 10 -44 89 93 23 71 97 -93 -71 -22 -88 -61 35 61 26 40 80 -80 62 -38 28 64 62 -74 -64 62 70 22 -19 88 38 85 65 44 -44 -16 43 49 42 -95 72 11 33 52 -72 -1 21 33 5 17 63 73 17 -15 -49 -18 21 16 66 11 -8 53 -51 -19 -67 57 25 -40 4 7 71 -27 59 -50 -11 68 74 -5 60 34 -65 62 74 -86 -63 84 70 78 7 59 42 -95 49 -45 77 42 23 -86 -59 -27 69 -56 28 -73 15 58 -59 77 -6 71 2 26 69 74 88 3 -65 49 -98 33 6 74 49 26 74 38 -14 5 -81 -17 32 -31 32 95 6 48 -24 30 -26 28 10 32 35 12 68 43 2 -51 7 69 -27 78 45 76 20 76 74 -59 98 -31 53 19 0 41 69 25 33 51 -67 53 83 70 42 -71 4 58 80 64 0 92 21 69 24 36 99 31 71 -96 -34 5 74 48 -45 -39 22 67 5 1 61 -25 79 -47 61 67 -15 -38 91 47 50 35 75 68 43 62 -59 70 48 -92 65 -61 -87 21 37 16 7 13 57 15 3 -10 69 57 -1 84 13 98 97 32 40 74 3 82 21 -65 26 91 59 -18 -3 31 -99 69 1 83 -53 41 97 69 20 94 -66 46 39 90 18 58 4 18 33 -99 63 -43 15 -78 3 85 10 -46 0 43 -59 -41 -34 20 13 54 11 88 66 65 -90 90 -87 54 26 -58 4 52 -11 -57 96 4 14 38 -10 54 -6 -57 33 81 14 -96 39 8 73 -78 81 -80 -26 80 22 40 30 22 -14 23 94 50 20 87 27 66 99 8 65 65 26 68 8 73 -45 54 -68 -77 66 38 34 6 -4 11 59 -61 86 95 -23 20 16 11 -82 30 57 46 -77 76 71 55 68 69 49 53 36 -92 -52 41 44 87 44 44 -37 -55 12 -44 30 -38 -81 51 69 21 -98 59 38 -47 31 -56 -64 82 -73 8 91 34 -42 41 28 84 81 73 -42 -6 64 98 25 -56 10 -5 14 77 76 19 37 35 99 -90 28 70 63 -72 1 43 48 65 40 71 65 -73 46 -21 68 -42 -12 93 34 -69 50 51 13 14 12 75 32 32 61 -28 68 30 88 61 94 -61 46 43 -82 -18 99 75 45 62 -12 -40 66 18 46 -28 13 -85 -2 23 -42 30 90 24 65 94 82 63 -57 -54 12 44 71 88 61 -10 -9 96 99 36 -12 94 69 -46 -42 81 34 -83 58 83 -88 27 87 97 97 2 20 59 58 19 57 7 -30 0 67 12 78 4 64 55 -39 26 6 52 42 -70 72 42 20 94 78 94 47 25 53 -28 38 8 43 13 32 36 13 10 72 -25 63 59 70 77 17 -72 63 -4 40 43 5 32 -9 55 99 37 52 77 33 2 12 -10 -6 34 84 23 9 11 50 52 99 15 90 29 -51 78 5 90 55 10 -6 32 -40 85 62 -43 -31 -68 -55 97 81 69 64 -50 -40 -63 49 13 39 84 89 66 -38 42 84 0 66 3 86 -55 69 -25 66 60 37 59 23 99 -12 60 84 61 86 85 -22 51 11 10 18 -35 18 -86 25 8 30 38 80 69 68 91 -99 83 74 -39 68 1 26 80 25 92 56 -74 -82 8 49 93 98 10 74 65 -29 80 6 10 49 90 85 99 59 21 58 57 43 81 -22 63 17 10 57 58 74 16 17 78 74 85 67 -41 -15 84 21 40 43 65 22 -59 -75 8 43 21 90 54 53 72 -70 57 -55 85 99 51 -25 -22 38 -97 68 2 77 20 5 99 52 -23 6 59 -59 31 73 89 -35 44 57 -18 55 65 -83 40 -24 -48 71 40 21 19 28 57 99 70 52 43 -80 20 28 3 75 35 62 29 50 -30 -60 45 45 21 9 57 77 56 41 10 15 14 25 14 95 -58

