256
2.43
20.24
487.1
973.25
620
656.59
765
274
376
243.17
622.87
61.89
957.10
518.49
866.74
369.94
577.70
436.52
710.29
253.59
822.96
809.77
799.54
161.7
362.61
536
840.52
179
788.57
850.86
455.45
629.94
439.23
590.29
103.36
817.97
705.89
387.68
892.52
850.17
988.6
586.94
380.42
755.58
285.61
521.69
971.1
260.36
81
612
707.54
695.12
281.59
13
101.36
611.87
324.55
293
628.63
593.44
98
481
685
852.47
486.58
499.59
620.22
26.46
306
292.95
938.88
321
238.96
43.31
248.31
734.89
585.1
206.75
584.74
890.66
799.4
218
178.13
846.9
200.9
462.43
19
980.43
538.19
123.93
365.11
164.15
383.93
669.92
503.92
669.6
818.77
209.40
552.68
523.20
768.63
579.93
247.49
92.71
784
454.40
798.10
185.19
553.24
811
999.41
768.4
699.49
298
499.62
622.85
429.25
227
535.2
107.6
583.26
582.19
702.76
754
625.12
476.75
99.60
528.37
107.24
520.31
190.66
671.1
696
303
903.77
529.89
5.16
456
576.7
665.29
290.52
373.30
40.38
641.65
296.69
706.98
168.55
425.64
6.0
465
296.62
965.35
824.27
706.20
637.69
228
375.3
895.11
672.75
678.27
496
824.72
141.60
965.39
23.60
661.29
241.56
942.3
952
575.77
606.4
102.80
396.21
38.38
160.62
54.75
284.16
967.10
806
62.40
50.46
677.0
266.97
79.35
401.47
314
353.75
637.44
605
454.72
517.12
567.11
596
311.30
60.78
495.16
795.17
500.92
138.36
95.43
210.60
834
479.51
428.15
994
575.15
423.32
570
301
952
208.82
655
177.81
89.74
568
325.56
192.93
768.9
191.93
761.46
183.91
392.25
399
102
968.18
442.70
120
978.55
872
139.23
162.36
585.72
665
664
493.82
595.50
787.45
251.65
63.77
219.10
710.85
224.74
161.46
827.62
722.77
4.58
606.61
651.35
168.87
998.11
908
220
829.71
999.99
0.00
0.01
