140
902209
731949477
33888833
219268874
64100146
6996
266035991
13531
766667
70107
494
590064546
99
436853933
685377574
877777411
424
118811
388390931
435379836
686686
851158
1881
957271295
769648992
939
22
2002
324022250
857345453
13231
763367
4252524
7391937
915086561
910019
789925204
58985
591340971
94211249
7
34607304
121
6576756
139985540
57617422
60306
248109181
44
515350383
531054182
678523764
695101596
636069829
37511573
124869747
4509054
219772824
978953695
304355809
997065260
669988590
2022202
3773
9669
491209781
858914198
651393156
2
33
122358750
216612
33
37573
44
429151493
917467247
542301461
179055814
77
469889699
452619637
7007
565298226
977753336
188519053
666713581
28911982
608379151
7231327
4444
521486255
9449
317154558
2
687786
892018918
22
15551
546645
22
75803522
689812937
2442
864748372
7447
516949615
411123799
44566544
764832959
929031874
197701670
9
494704581
849441901
321916006
31913
453529985
417714
9009
31613
748590000
663184737
66
33
22
4252524
1661
398232893
963126400
159571692
916724490
419848958
750848850
79933997
759541896
982289
603136935
77
772438345
324086026
756881107
89744798
1719171
90136820
98576897
73699637
355553
44311344
87293538
942040606
861723783
9047409
6262626
595
84667244
8
41414
3
866703205
118912614
454
100830536
958386519
237509932
678020876
100772596
104272370
888
678366344
55
686653003
272
44722744
47100174
240887684
133331
242242
902209
5225
8751578
983389
8
353856042
905644738
885710571
970800627
868274353
6074706
874061301
54145
6426246
977692796
59622695
1
53235
282440565
1771
8228
61072389
618496573
44322344
44
8560658
7046407
470427146
700319936
834206954
87614992
647151746
33
886111740
332953190
787
676931350
8
74447
6006
639989936
18622681
492650449
177989771
84006846
101
589009183
6886
661798135
828264686
587807324
5
655357382
962503543
1250521
515356
191
3
2560652
11
17577571
44
8010108
96269
917414585
114939411
985456665
93039
222689378
335231740
661398244
63811836
841110307
988102623
689747356
862827071
66
74947
959
8873788
837897380
283382
454
1221
2112
9547459
5665
822437524
3
502205
7
756974686
780326164
626
3
968869
758161857
37821006
132231
18400481
87355378
470259532
21193454
2332
2238322
59795
132111236
3
53544535
55
222028137
280734291
858
130165840
437734
300691192
762313808
5230325
252
98784815
670656497
4554
1991
74633647
22116448
55
372363273
380083
734588276
5
569079964
61913459
495246434
7021207
88
345543
9
112041583
874478
864200904
574475
672310846
102947047
963864312
804790839
341529141
851158
97979
4114
1
717953475
867448345
469921462
795757178
69966996
252844266
13467621
75850343
38611683
389186307
312547950
727548538
647824666
362857457
169635565
85758
610841253
81207643
63300336
760067
524246514
710808252
926629
669966
24642
745622546
53969368
9339
759957
630582580
451154
169072244
255556098
343
655833933
946191649
502404205
216612
25266252
275371323
500909355
482989284
69967745
77
713663708
570075
222
745915230
363
88
3859583
96511569
710445015
160372066
260665792
83033038
844010301
170171639
835944631
4999994
446092388
6297463
9
841621569
28300382
11
976679
767223485
3
790011257
40522504
87299278
361044584
251939375
586778727
953819582
6226
99
183444349
159610554
343
818
57575
546375438
315506585
320023
724576527
840888121
858
64711746
484765679
317641407
72727
95940368
77
313747313
753357
836692637
859383958
607920103
656750739
886027468
93139
844887594
8228
808105294
159176198
494454496
4941494
480980051
631361784
586947205
523522022
929347842
454
496694085
908169328
925659195
5
522203618
736008598
118988515
787262787
38000083
724226249
1991
201200959
159951
250052
872508580
711515579
140834770
8
259952
289980150
784523959
551155
254452
1735371
666
859376823
913311873
436730255
3921293
608119678
528864830
131
45622654
303
389575983
79297
3443
973744772
333
255405138
265562
715779176
145907052
433974665
538399622
913336474
5
247202718
5
54177145
414310577
12377321
434808513
585
49622694
74447247
31713
115446245
51928149
863618941
4
732767237
891787803
148911483
532940061
398733517
480941037
11
619275724
664663747
4177714
814050418
396256998
420468297
216612
469349012
67400476
57433658
332960139
740047
3964693
31513
3932393
220416635
352360304
323
816618
514973248
298892
753221314
460283905
2783872
812743
390434775
834888438
236516477
909456181
911744682
632082139
487696784
169674620
961735159
315530735
200382825
403007928
216664949
223867357
415896722
464
579191546
558179093
159594708
209537180
32423
545846267
905969149
26811862
998683455
4444
55
84855848
343956220
69996
362275120
21170083
11
174503397
865535568
1122211
1
44
102483423
571520981
148554759
374033733
500339637
1
5303570
7557
787
301101103
6
296692
283950744
486980772
9
99
1517151
449514385
399735621
794128429
35453
178871
773134650
86088068
432871506
741171147
849232501
828
110544068
935062898
620849602
464858464
800858008
1696961
8
127721
767123309
7
9339
689485055
757
877474384
6666
794333497
56065
24544542
414
7557
2440442
7
44
250516741
207814479
742128824
342243
532141858
301272103
191191
66866
4
605782001
864128194
373424456
72777727
947433068
90748628
950969059
88
574626767
441896404
458561808
791595882
262366703
619778547
188881
1331
13377188
576260505
77
9229
831110296
987480693
357657202
66
815173587
663250547
37573
133639481
58598649
367219721
707
386395456
873378
524462470
77
1186811
22
3003
19691
996391665
9889
6
223931319
716874044
343343
36292015
367763
637977967
151
44
465564
1331
11
677169519
222
9449
93696721
27677672
4989894
170633979
685106434
87700778
771998622
308967764
75757
729272874
73277237
232
6886
351542445
84148
145353541
587820073
156567887
4110114
30200203
551794674
756482461
223179110
5148415
353300142
837495339
802278634
266910352
1961691
739518274
7227
331133
720578019
406852180
148346703
5885
446545644
309541739
216986106
42544524
969
8998
99499499
6
8872788
934913062
346643
3883
583267156
2
63766736
944382566
411114
142739622
539796053
9339
71317
33
62199126
5005
232
528888517
42300324
675171576
478961530
616
4664
98322389
716011076
2
505
3
494213692
702876378
7
67776
758838857
54842504
538310642
673686431
232
772114475
392090416
67077076
563858365
92810872
751156832
577232775
8
93539
44
78800887
493394
9999
81611618
719648509
7547457
427842819
915925278
202
621995186
440974690
530396278
731210355
973563473
433741305
36295084
1551
808628466
355222866
55
66
95555559
231159730
832114802
22
494
868539642
375958870
165723267
952909001
395634178
722426066
24911942
968020869
758515869
721474872
824003976
171021768
484
351797153
573205250
757
83419903
254985978
61716
8
239255726
724273640
47739113
688886
7
881014791
708717861
735054739
798897
945000549
368863
853976118
737737
11
7
77
880704999
412677018
595419549
661152522
785778174
68727781
632120608
219464912
240602554
9449
97506482
852919258
3
58800885
818
9
737
443792044
66
212
939645145
375085612
37360829
821841590
59095
148441023
398540640
1
599160216
254452
992299
126606266
9876789
506040874
99
196691
568077089
850929058
5867685
9978799
248406270
150753734
4774
44
62322326
6687866
641832958
23788732
319536260
44
705747507
453025523
62566526
878899954
44
4
429161754
959148427
803848271
660066
6776
518953360
5
509840879
48284
77
83043530
58853920
301995930
459962076
809460458
527629224
460595064
662623615
212847226
9
907727318
2989892
55
233048196
725270210
125634979
3333
696977719
698898875
84448
615971368
2748472
227961492
437838734
784531906
614494750
3
9119
902565980
667279154
32477423
3
345505543
526748825
986888258
90177109
238644328
951097992
624234196
761693503
213530437
496907415
887868788
344443
911626583
749429931
884576565
418395900
173350365
437434734
602346516
9090909
223322
443638142
126621
826104343
343636343
5032305
43634
323323
242
884738375
52525
661328311
633420117
88
811869545
90599509
168217980
164485439
29799792
290382485
17971
362163784
585
113970645
145224798
413691938
28343345
283621712
894643081
380467891
66
505375414
143808341
113999311
747
84948
48184
535
803608674
111
776127234
8003008
362263
8
789910900
995763200
959
22697392
7361637
386683
65566556
75957
28099082
5555
585585
903565309
200277012
898
9614169
543963794
504894876
63052993
83699638
550188048
846707968
680901043
55922955
197809438
31694962
747343564
59195
907911272
575324165
740823853
633222336
786587830
59771401
914419
684434248
6666
8420248
246960594
336378310
33933933
298988372
77
694376019
232
68886
312302896
595799320
33
531076061
334663658
176745338
7507057
248692153
171380778
135308738
97479
304631776
5088805
2772
8338
904052917
155889490
8888
969
9542459
906639906
6492946
549991372
19622856
270090072
805646508
694744116
395517085
50884511
5885
488817920
931383328
647238085
271775195
618423607
471530958
974479
884856397
582032205
5445
89155198
8
39961538
409939493
246447221
272272
62526
616
868947110
8
737592710
713625283
63536
774003127
7227
77
294969176
51104604
669030966
841460587
35724414
342994056
3
891198
909
400004
837118039
680648818
257250455
2882
6866686
486818684
665673625
230917339
5
654402527
308544432
485191275
22779439
859313719
142272241
9255529
35522553
876970003
3
2662
137220152
897914200
14000041
52499425
99
934970593
612905282
903446330
5005
1891981
480410205
99
859298478
25852
549810197
391057429
195175085
1883881
91355319
99
346643
300049057
35653
92348773
327436356
8203028
924909429
655868818
808494300
673555803
727
44
611933128
9537359
212
500238886
747635469
116853941
703050307
16003864
877483041
99
737640442
16061
137134895
2420242
740687723
989212989
747757747
5
5
381249200
742382413
546758729
3333
202343096
82211228
827290582
271343084
87978
77
81879705
6
651156
8679768
387537985
99
66
546304846
43055034
891479180
356627833
11
233848253
544573173
3
1
897798
292499712
11711
321062909
952259
122975478
159951
815417658
677880844
216045400
783488830
49194
811636099
39655693
137343513
706965843
765510795
8558
516371779
394981504
88788
221765818
971482497
521004099
565013137
2306032
64947762
44
802006595
301674103
5009005
87978
868
917663570
434
685263057
191392342
974897543
374497101
761979167
404288026
207565723
236532636
407277565
145002241
373
30103
336633
88
358245023
1441
11
321764037
5
9345439
89398
919938298
6
55766755
54845
29892
370128881
375278615
382429747
679003551
239232932
70800807
848612145
77
77
154292451
89098
442983020
404508951
7
88
727727
41514
596492014
66
265589027
376686267
291793941
858362818
516669004
477667155
279972
291030192
24044042
499414994
756949163
819714169
405504
99
68186
5
338927642
195962976
542136161
737
44144144
404
5461645
232140648
592645219
402393204
240686042
567551037
849473481
592720192
959
1588851
693515529
5335
443777997
4
6
690714559
865704192
71417
495803238
557328580
890797098
366901728
401104
660590947
11
419739572
38783
767193547
704103013
934005782
86464937
8
85811858
715517
160365641
872005444
595245502
27622851
878
638117343
493954950
332075738
513648259
589985
544560439
207077632
425524
437676734
447858571
691998937
135212531
25655652
632339111
616445547
62826
50705
941635167
3477743
671176
20733702
2332
514571119
996903727
869968
12735835
65911956
243520215
427835762
122386568
49999994
8007008
738610955
824267968
117739673
204946130
750649930
11555511
499029324
143341
6
633336
809908
26577562
702429637
489818669
73111137
99
104401
87578
929
686
7
7
15576210
529278115
280082
939994780
704930952
879678784
1777771
561165
282
3663
13650551
49877894
430034
9
672764777
461717910
595
400200987
77
968911223
9
343505169
198848966
38250889
362080263
484446458
1969691
1
1881
701540761
7022207
77876185
41014
77
42824
427514303
292235864
934072993
682583827
897565273
413266975
1991
458085180
728779983
480084
952937736
221834549
519626915
153401259
888919888
2
959
544665538
88
1
304028960
9559
19882491
560523608
88
390220780
757365818
303556959
218517595
592489396
44
563738869
439207267
42244224
221490214
7077707
5896144
1221
523044370
8712178
389546977
665405518
918145003
54400445
373950021
17900971
240717042
84648
275572
294635029
8841488
419113698
197983071
757
174896597
1
2552
315683137
678579217
99
890572206
477510093
4667664
834630280
22
761787167
31277213
960424069
455052132
90233209
6
80987036
616515616
821973871
630405928
946064591
651819552
4832384
297792
30303
929352011
989989
99
88
257502137
118811
902832722
515
8671768
602175742
900222026
434
675967853
986101922
492388797
88588
31313
655270445
157212882
29558464
255552
273747372
25099052
2
2
42888824
474
17356080
33
97744779
62817025
860086625
925384755
23632
7
10106996
402104454
58744785
267424762
5
67376
9
14741
2580852
747302095
6446
55
2004002
360459508
383
240569002
191
6556
2879782
296985900
577834880
47674
923180756
376673
16766761
9943499
39993
915519
338833
778444224
143341
416911721
52625
50621799
94866849
948913656
449156045
1881
33
507099437
22
294457470
556044076
564465
6336
28988982
986767689
9
5519155
773053365
104404401
883707388
22
613034016
487101784
594689772
9669
6996
238386375
6661666
385905851
376383673
66
99
77
515
63736
847312409
175251336
7345437
253824530
4243424
379242057
66
421594641
514024243
9009
255735239
977705590
639434936
77
644156573
777
894081817
610143150
378474414
58398762
157751
680106733
949
770385354
822765398
559143929
606
8888
228438857
89698
226715425
992751134
63036
616
9509059
937429978
2
424
9
3773
404784230
164457500
9815189
314665410
176690588
528239958
717
917443762
681525440
414600757
616386648
730637998
343
196691
44
149912995
969371609
833332318
93044039
595
66
15551
518586348
48373270
19525878
834627854
359953
210111631
5
4
9411473
9999
230032
163698552
363
946651533
976353459
2
75643314
174405981
334947659
642246
580215806
912689558
1881
8
47855874
753974570
8228
55
72927
9452549
181
193419942
77
999977467
297386177
77
4
433552537
7
198639467
7
7447
77
368797920
44
8
3943493
553511873
752076943
285958008
448175472
577249887
888
821398163
518362496
235312441
167087415
72644627
11
5995
891465239
3
455158765
735537
886688
2094902
906819756
8335338
9350539
59277295
158433563
107255113
945573302
9384839
235521567
9
88
486246289
9
173371
85058
969
5176715
694643906
832634337
82728
29522592
480108171
2
88
6006
130440112
47044110
350053
583683978
7
6446
86055068
906712090
542307683
832238
99053541
791646197
194491
313313
680012656
6990208
11
277629032
721707938
55
710529928
955966987
801919108
617599943
93839
307534456
136242631
32736779
742804992
9
591524477
563282852
724257595
567419598
802565302
2222
55155
25055052
369907485
959
484
22
908363470
796568755
64744746
7337
99
27172
785755323
440060688
33566533
636610893
58885
6556
693040207
99
1441
240405788
903191309
99
555176813
2
105252501
2426242
6045406
982359128
59777795
653633975
2957592
703013633
5342435
195432736
905040628
5555
989224134
7787877
761729086
193585391
937739
62699626
56577302
680788171
390093
166427965
2552
22
29777792
814836387
698491190
62326
205313502
840018782
3396933
487480971
2
77
8
138958449
474474
5
44
426629492
630335719
252
626825560
583173894
22
151736210
518851572
1323231
265785695
2097902
954459
82549921
666451361
782055299
276759834
468089438
224701088
890616976
35853
117071845
398497646
572227465
7777
6
21057380
961233435
19891
598281428
187565894
22
49394
37233273
626432150
690323096
240220261
563109688
76386457
856275884
373151373
814080418
133238980
868
1
604264776
435300453
362723872
49294
89155198
88
592219319
872323265
249032433
110727011
950369877
44
9527259
347957968
791424197
720305984
872657213
521883515
18766781
4528254
3337333
49577594
5225
7
204025420
896268074
810106890
914419
5
4664
858003507
77499477
461057554
6446
355870183
464935887
128590767
6446
530603803
592806151
50595146
36899863
341143
767295387
8203028
4480844
73737
326050017
14688234
19394168
21455412
11011
424
354789802
4346434
473951639
156313651
8770778
77
6116
2
41214
902797209
521820581
230040146
96988969
970045340
2
515457320
44
960291767
7117
770868077
258452998
551850191
432733354
476520462
818
435534
155946332
339747933
259340889
717958784
616113172
327403798
55
14816323
671176
217038244
40711704
146118732
256975370
845945036
337733
642493727
248441813
743744677
496988031
816461029
53499435
825790714
821908384
270046928
8888
535
844237023
2
8430964
598097399
156130353
892327543
843316789
459954
987191789
121
456776833
713929956
783324593
325293651
358342235
624426
890437125
323190871
553024414
3003
